    9.9999997474E-06    1.0300974846E+00
    9.9999997474E-05    1.0300974846E+00
    9.9999997474E-05    1.0299519300E+00
    5.0000002375E-04    1.0299519300E+00
    5.0000002375E-04    1.0296823978E+00
    7.5000000652E-04    1.0296823978E+00
    7.5000000652E-04    1.0295428038E+00
    1.0000000475E-03    1.0295428038E+00
    1.0000000475E-03    1.0293542147E+00
    1.2000000570E-03    1.0293542147E+00
    1.2000000570E-03    1.0291355848E+00
    1.5000000130E-03    1.0291355848E+00
    1.5000000130E-03    1.0287936926E+00
    2.0000000950E-03    1.0287936926E+00
    2.0000000950E-03    1.0283516645E+00
    2.4999999441E-03    1.0283516645E+00
    2.4999999441E-03    1.0278712511E+00
    3.0000000261E-03    1.0278712511E+00
    3.0000000261E-03    1.0271209478E+00
    4.0000001900E-03    1.0271209478E+00
    4.0000001900E-03    1.0260823965E+00
    4.9999998882E-03    1.0260823965E+00
    4.9999998882E-03    1.0242171288E+00
    7.4999998324E-03    1.0242171288E+00
    7.4999998324E-03    1.0216618776E+00
    9.9999997765E-03    1.0216618776E+00
    9.9999997765E-03    1.0172526836E+00
    2.5299999863E-02    1.0172526836E+00
    2.5299999863E-02    1.0169370174E+00
    2.9999999329E-02    1.0169370174E+00
    2.9999999329E-02    1.0185743570E+00
    3.9999999106E-02    1.0185743570E+00
    3.9999999106E-02    1.0208424330E+00
    5.0000000745E-02    1.0208424330E+00
    5.0000000745E-02    1.0227283239E+00
    5.9999998659E-02    1.0227283239E+00
    5.9999998659E-02    1.0241303444E+00
    7.0000000298E-02    1.0241303444E+00
    7.0000000298E-02    1.0251368284E+00
    7.9999998212E-02    1.0251368284E+00
    7.9999998212E-02    1.0258187056E+00
    9.0000003576E-02    1.0258187056E+00
    9.0000003576E-02    1.0262565613E+00
    1.0000000149E-01    1.0262565613E+00
    1.0000000149E-01    1.0264644623E+00
    1.2500000000E-01    1.0264644623E+00
    1.2500000000E-01    1.0259191990E+00
    1.5000000596E-01    1.0259191990E+00
    1.5000000596E-01    1.0244703293E+00
    1.7499999702E-01    1.0244703293E+00
    1.7499999702E-01    1.0224701166E+00
    2.0000000298E-01    1.0224701166E+00
    2.0000000298E-01    1.0206063986E+00
    2.2499999404E-01    1.0206063986E+00
    2.2499999404E-01    1.0201153755E+00
    2.5000000000E-01    1.0201153755E+00
    2.5000000000E-01    1.0216770172E+00
    2.7500000596E-01    1.0216770172E+00
    2.7500000596E-01    1.0239974260E+00
    3.0000001192E-01    1.0239974260E+00
    3.0000001192E-01    1.0248438120E+00
    3.2499998808E-01    1.0248438120E+00
    3.2499998808E-01    1.0244961977E+00
    3.4999999404E-01    1.0244961977E+00
    3.4999999404E-01    1.0247660875E+00
    3.7500000000E-01    1.0247660875E+00
    3.7500000000E-01    1.0264437199E+00
    4.0000000596E-01    1.0264437199E+00
    4.0000000596E-01    1.0308821201E+00
    4.4999998808E-01    1.0308821201E+00
    4.4999998808E-01    1.0383379459E+00
    5.0000000000E-01    1.0383379459E+00
    5.0000000000E-01    1.0454702377E+00
    5.5000001192E-01    1.0454702377E+00
    5.5000001192E-01    1.0514651537E+00
    6.0000002384E-01    1.0514651537E+00
    6.0000002384E-01    1.0550749302E+00
    6.2500000000E-01    1.0550749302E+00
    6.2500000000E-01    1.0569839478E+00
    6.4999997616E-01    1.0569839478E+00
    6.4999997616E-01    1.0590218306E+00
    6.9999998808E-01    1.0590218306E+00
    6.9999998808E-01    1.0603406429E+00
    7.5000000000E-01    1.0603406429E+00
    7.5000000000E-01    1.0597921610E+00
    8.0000001192E-01    1.0597921610E+00
    8.0000001192E-01    1.0570266247E+00
    8.5000002384E-01    1.0570266247E+00
    8.5000002384E-01    1.0518800020E+00
    8.9999997616E-01    1.0518800020E+00
    8.9999997616E-01    1.0463992357E+00
    9.2500001192E-01    1.0463992357E+00
    9.2500001192E-01    1.0418469906E+00
    9.4999998808E-01    1.0418469906E+00
    9.4999998808E-01    1.0367423296E+00
    9.7500002384E-01    1.0367423296E+00
    9.7500002384E-01    1.0311554670E+00
    1.0000000000E+00    1.0311554670E+00
    1.0000000000E+00    1.0271134377E+00
    1.0099999905E+00    1.0271134377E+00
    1.0099999905E+00    1.0247333050E+00
    1.0199999809E+00    1.0247333050E+00
    1.0199999809E+00    1.0223170519E+00
    1.0299999714E+00    1.0223170519E+00
    1.0299999714E+00    1.0198576450E+00
    1.0399999619E+00    1.0198576450E+00
    1.0399999619E+00    1.0173974037E+00
    1.0499999523E+00    1.0173974037E+00
    1.0499999523E+00    1.0148603916E+00
    1.0599999428E+00    1.0148603916E+00
    1.0599999428E+00    1.0122250319E+00
    1.0700000525E+00    1.0122250319E+00
    1.0700000525E+00    1.0094314814E+00
    1.0800000429E+00    1.0094314814E+00
    1.0800000429E+00    1.0064134598E+00
    1.0900000334E+00    1.0064134598E+00
    1.0900000334E+00    1.0029680729E+00
    1.1000000238E+00    1.0029680729E+00
    1.1000000238E+00    9.9903476238E-01
    1.1100000143E+00    9.9903476238E-01
    1.1100000143E+00    9.9443465471E-01
    1.1200000048E+00    9.9443465471E-01
    1.1200000048E+00    9.8913007975E-01
    1.1299999952E+00    9.8913007975E-01
    1.1299999952E+00    9.8317742348E-01
    1.1399999857E+00    9.8317742348E-01
    1.1399999857E+00    9.7683256865E-01
    1.1499999762E+00    9.7683256865E-01
    1.1499999762E+00    9.6652919054E-01
    1.1749999523E+00    9.6652919054E-01
    1.1749999523E+00    9.5693773031E-01
    1.2000000477E+00    9.5693773031E-01
    1.2000000477E+00    9.5585280657E-01
    1.2250000238E+00    9.5585280657E-01
    1.2250000238E+00    9.6276640892E-01
    1.2500000000E+00    9.6276640892E-01
    1.2500000000E+00    1.0076433420E+00
    1.2999999523E+00    1.0076433420E+00
    1.2999999523E+00    1.1040515900E+00
    1.3500000238E+00    1.1040515900E+00
    1.3500000238E+00    1.0482391119E+00
    1.3999999762E+00    1.0482391119E+00
    1.3999999762E+00    1.0377081633E+00
    1.4500000477E+00    1.0377081633E+00
    1.4500000477E+00    1.0390063524E+00
    1.5000000000E+00    1.0390063524E+00
    1.5000000000E+00    1.0423475504E+00
    1.5900000334E+00    1.0423475504E+00
    1.5900000334E+00    1.0440704823E+00
    1.6799999475E+00    1.0440704823E+00
    1.6799999475E+00    1.0409448147E+00
    1.7699999809E+00    1.0409448147E+00
    1.7699999809E+00    1.0313755274E+00
    1.8600000143E+00    1.0313755274E+00
    1.8600000143E+00    1.0144276619E+00
    1.9400000572E+00    1.0144276619E+00
    1.9400000572E+00    1.0013593435E+00
    2.0000000000E+00    1.0013593435E+00
    2.0000000000E+00    9.9638485909E-01
    2.1199998856E+00    9.9638485909E-01
    2.1199998856E+00    1.0031731129E+00
    2.2100000381E+00    1.0031731129E+00
    2.2100000381E+00    1.0188478231E+00
    2.2999999523E+00    1.0188478231E+00
    2.2999999523E+00    1.0240526199E+00
    2.3800001144E+00    1.0240526199E+00
    2.3800001144E+00    1.0244604349E+00
    2.4700000286E+00    1.0244604349E+00
    2.4700000286E+00    1.0223387480E+00
    2.5699999332E+00    1.0223387480E+00
    2.5699999332E+00    1.0161327124E+00
    2.6700000763E+00    1.0161327124E+00
    2.6700000763E+00    9.9051660299E-01
    2.7699999809E+00    9.9051660299E-01
    2.7699999809E+00    9.7142684460E-01
    2.8699998856E+00    9.7142684460E-01
    2.8699998856E+00    1.0059435368E+00
    2.9700000286E+00    1.0059435368E+00
    2.9700000286E+00    1.0222129822E+00
    3.0000000000E+00    1.0222129822E+00
    3.0000000000E+00    1.0348440409E+00
    3.0999999046E+00    1.0348440409E+00
    3.0999999046E+00    1.0449539423E+00
    3.2000000477E+00    1.0449539423E+00
    3.2000000477E+00    1.0203818083E+00
    3.5000000000E+00    1.0203818083E+00
    3.5000000000E+00    9.8564124107E-01
    3.7300000191E+00    9.8564124107E-01
    3.7300000191E+00    9.8419088125E-01
    4.0999999046E+00    9.8419088125E-01
    4.0999999046E+00    9.8152649403E-01
    4.6999998093E+00    9.8152649403E-01
    4.6999998093E+00    9.9171483517E-01
    5.0000000000E+00    9.9171483517E-01
    5.0000000000E+00    9.9014103413E-01
    5.4000000954E+00    9.9014103413E-01
    5.4000000954E+00    9.8934721947E-01
    6.0000000000E+00    9.8934721947E-01
    6.0000000000E+00    1.0119926929E+00
    6.2500000000E+00    1.0119926929E+00
    6.2500000000E+00    9.9584168196E-01
    6.5000000000E+00    9.9584168196E-01
    6.5000000000E+00    1.0011410713E+00
    6.7500000000E+00    1.0011410713E+00
    6.7500000000E+00    1.0035520792E+00
    6.8750000000E+00    1.0035520792E+00
    6.8750000000E+00    1.0181014538E+00
    7.0000000000E+00    1.0181014538E+00
    7.0000000000E+00    1.0174781084E+00
    7.1500000954E+00    1.0174781084E+00
    7.1500000954E+00    9.9658840895E-01
    8.1000003815E+00    9.9658840895E-01
    8.1000003815E+00    9.9113965034E-01
    9.1000003815E+00    9.9113965034E-01
    9.1000003815E+00    1.0297555923E+00
    1.0000000000E+01    1.0297555923E+00
    1.0000000000E+01    1.0331373215E+00
    1.1500000000E+01    1.0331373215E+00
    1.1500000000E+01    1.0048221350E+00
    1.1899999619E+01    1.0048221350E+00
    1.1899999619E+01    1.0181043148E+00
    1.2899999619E+01    1.0181043148E+00
    1.2899999619E+01    9.8969876766E-01
    1.4399999619E+01    9.8969876766E-01
    1.4399999619E+01    1.0031465292E+00
    1.6000000000E+01    1.0031465292E+00
    1.6000000000E+01    9.9380528927E-01
    1.7000000000E+01    9.9380528927E-01
    1.7000000000E+01    1.0037664175E+00
    1.8500000000E+01    1.0037664175E+00
    1.8500000000E+01    9.9260991812E-01
    1.9399999619E+01    9.9260991812E-01
    1.9399999619E+01    1.0001580715E+00
    2.0000000000E+01    1.0001580715E+00
    2.0000000000E+01    1.0126243830E+00
    2.0500000000E+01    1.0126243830E+00
    2.0500000000E+01    1.0020694733E+00
    2.1200000763E+01    1.0020694733E+00
    2.1200000763E+01    1.0022330284E+00
    2.1750000000E+01    1.0022330284E+00
    2.1750000000E+01    9.8587656021E-01
    2.2500000000E+01    9.8587656021E-01
    2.2500000000E+01    1.0059051514E+00
    2.5000000000E+01    1.0059051514E+00
    2.5000000000E+01    9.8097997904E-01
    2.7500000000E+01    9.8097997904E-01
    2.7500000000E+01    9.7929674387E-01
    3.0000000000E+01    9.7929674387E-01
    3.0000000000E+01    9.9017608166E-01
    3.1250000000E+01    9.9017608166E-01
    3.1250000000E+01    9.7470986843E-01
    3.1750000000E+01    9.7470986843E-01
    3.1750000000E+01    1.0113195181E+00
    3.3250000000E+01    1.0113195181E+00
    3.3250000000E+01    9.9843448400E-01
    3.3750000000E+01    9.9843448400E-01
    3.3750000000E+01    1.0013194084E+00
    3.5000000000E+01    1.0013194084E+00
    3.5000000000E+01    1.0020077229E+00
    3.5500000000E+01    1.0020077229E+00
    3.5500000000E+01    9.6174222231E-01
    3.6000000000E+01    9.6174222231E-01
    3.6000000000E+01    9.5237147808E-01
    3.7000000000E+01    9.5237147808E-01
    3.7000000000E+01    1.1090314388E+00
    3.7130001068E+01    1.1090314388E+00
    3.7130001068E+01    1.1090375185E+00
    3.7270000458E+01    1.1090375185E+00
    3.7270000458E+01    1.0743553638E+00
    3.7630001068E+01    1.0743553638E+00
    3.7630001068E+01    1.0276170969E+00
    3.8000000000E+01    1.0276170969E+00
    3.8000000000E+01    9.3754184246E-01
    3.9099998474E+01    9.3754184246E-01
    3.9099998474E+01    1.0055342913E+00
    3.9599998474E+01    1.0055342913E+00
    3.9599998474E+01    1.0028467178E+00
    4.1000000000E+01    1.0028467178E+00
    4.1000000000E+01    9.8767417669E-01
    4.2400001526E+01    9.8767417669E-01
    4.2400001526E+01    1.0013314486E+00
    4.4000000000E+01    1.0013314486E+00
    4.4000000000E+01    9.9813228846E-01
    4.5200000763E+01    9.9813228846E-01
    4.5200000763E+01    1.0028319359E+00
    4.8299999237E+01    1.0028319359E+00
    4.8299999237E+01    9.9956005812E-01
    5.0599998474E+01    9.9956005812E-01
    5.0599998474E+01    1.0554734468E+00
    5.3400001526E+01    1.0554734468E+00
    5.3400001526E+01    9.9936920404E-01
    5.8000000000E+01    9.9936920404E-01
    5.8000000000E+01    9.7496384382E-01
    6.1000000000E+01    9.7496384382E-01
    6.1000000000E+01    1.0339188576E+00
    6.3000000000E+01    1.0339188576E+00
    6.3000000000E+01    1.0200732946E+00
    6.5000000000E+01    1.0200732946E+00
    6.5000000000E+01    9.9044579268E-01
    6.7500000000E+01    9.9044579268E-01
    6.7500000000E+01    1.0317807198E+00
    7.2000000000E+01    1.0317807198E+00
    7.2000000000E+01    1.0083054304E+00
    7.6000000000E+01    1.0083054304E+00
    7.6000000000E+01    1.0444731712E+00
    8.0000000000E+01    1.0444731712E+00
    8.0000000000E+01    9.3668884039E-01
    8.1699996948E+01    9.3668884039E-01
    8.1699996948E+01    9.7473657131E-01
    9.0000000000E+01    9.7473657131E-01
    9.0000000000E+01    1.0015518665E+00
    9.7000000000E+01    1.0015518665E+00
    9.7000000000E+01    1.0057616234E+00
    1.0119999695E+02    1.0057616234E+00
    1.0119999695E+02    9.9146366119E-01
    1.0500000000E+02    9.9146366119E-01
    1.0500000000E+02    1.0013504028E+00
    1.0800000000E+02    1.0013504028E+00
    1.0800000000E+02    1.0047478676E+00
    1.1300000000E+02    1.0047478676E+00
    1.1300000000E+02    1.0201071501E+00
    1.1600000000E+02    1.0201071501E+00
    1.1600000000E+02    1.0377224684E+00
    1.1750000000E+02    1.0377224684E+00
    1.1750000000E+02    9.6657586098E-01
    1.1900000000E+02    9.6657586098E-01
    1.1900000000E+02    1.0612385273E+00
    1.2200000000E+02    1.0612385273E+00
    1.2200000000E+02    1.0148582458E+00
    1.4300000000E+02    1.0148582458E+00
    1.4300000000E+02    1.0215829611E+00
    1.7000000000E+02    1.0215829611E+00
    1.7000000000E+02    1.0174121857E+00
    1.8000000000E+02    1.0174121857E+00
    1.8000000000E+02    1.0245857239E+00
    1.8769999695E+02    1.0245857239E+00
    1.8769999695E+02    1.1378998756E+00
    1.8850000000E+02    1.1378998756E+00
    1.8850000000E+02    9.9356913567E-01
    1.9150000000E+02    9.9356913567E-01
    1.9150000000E+02    9.8558646441E-01
    1.9300000000E+02    9.8558646441E-01
    1.9300000000E+02    9.9551498890E-01
    2.0200000000E+02    9.9551498890E-01
    2.0200000000E+02    9.9510818720E-01
    2.0739999390E+02    9.9510818720E-01
    2.0739999390E+02    9.8466998339E-01
    2.0950000000E+02    9.8466998339E-01
    2.0950000000E+02    1.0135728121E+00
    2.2000000000E+02    1.0135728121E+00
    2.2000000000E+02    1.0103386641E+00
    2.4000000000E+02    1.0103386641E+00
    2.4000000000E+02    1.0074959993E+00
    2.8500000000E+02    1.0074959993E+00
    2.8500000000E+02    1.0259215832E+00
    3.0500000000E+02    1.0259215832E+00
    3.0500000000E+02    1.0128786564E+00
    5.5000000000E+02    1.0128786564E+00
    5.5000000000E+02    1.0329438448E+00
    6.7000000000E+02    1.0329438448E+00
    6.7000000000E+02    1.0278568268E+00
    6.8300000000E+02    1.0278568268E+00
    6.8300000000E+02    9.7128999233E-01
    9.5000000000E+02    9.7128999233E-01
    9.5000000000E+02    9.3647754192E-01
    1.1500000000E+03    9.3647754192E-01
    1.1500000000E+03    1.0048221350E+00
    1.5000000000E+03    1.0048221350E+00
    1.5000000000E+03    6.2423920631E-01
    1.5500000000E+03    6.2423920631E-01
    1.5500000000E+03    9.4560480118E-01
    1.8000000000E+03    9.4560480118E-01
    1.8000000000E+03    1.0273077488E+00
    2.2000000000E+03    1.0273077488E+00
    2.2000000000E+03    3.1685158610E-01
    2.2500000000E+03    3.1685158610E-01
    2.2500000000E+03    8.8362073898E-01
    2.5000000000E+03    8.8362073898E-01
    2.5000000000E+03    8.8357573748E-01
    3.0000000000E+03    8.8357573748E-01
    3.0000000000E+03    8.8353669643E-01
    3.7400000000E+03    8.8353669643E-01
    3.7400000000E+03    8.8341933489E-01
    3.9000000000E+03    8.8341933489E-01
    3.9000000000E+03    8.8340806961E-01
    5.7000000000E+03    8.8340806961E-01
    5.7000000000E+03    8.8400971889E-01
    8.0300000000E+03    8.8400971889E-01
    8.0300000000E+03    8.8369971514E-01
    9.5000000000E+03    8.8369971514E-01
    9.5000000000E+03    8.8381218910E-01
    1.3000000000E+04    8.8381218910E-01
    1.3000000000E+04    8.8349145651E-01
    1.7000000000E+04    8.8349145651E-01
    1.7000000000E+04    8.8338351250E-01
    2.0000000000E+04    8.8338351250E-01
    2.0000000000E+04    8.8378894329E-01
    3.0000000000E+04    8.8378894329E-01
    3.0000000000E+04    8.8370782137E-01
    4.5000000000E+04    8.8370782137E-01
    4.5000000000E+04    8.8345015049E-01
    5.0000000000E+04    8.8345015049E-01
    5.0000000000E+04    9.3150568008E-01
    5.2000000000E+04    9.3150568008E-01
    5.2000000000E+04    9.3137282133E-01
    6.0000000000E+04    9.3137282133E-01
    6.0000000000E+04    9.3105906248E-01
    7.3000000000E+04    9.3105906248E-01
    7.3000000000E+04    9.3137943745E-01
    7.5000000000E+04    9.3137943745E-01
    7.5000000000E+04    9.3108987808E-01
    8.2000000000E+04    9.3108987808E-01
    8.2000000000E+04    9.3126755953E-01
    8.5000000000E+04    9.3126755953E-01
    8.5000000000E+04    9.3129569292E-01
    1.0000000000E+05    9.3129569292E-01
    1.0000000000E+05    9.0184843540E-01
    1.2830000000E+05    9.0184843540E-01
    1.2830000000E+05    9.0165692568E-01
    1.4900000000E+05    9.0165692568E-01
    1.4900000000E+05    9.5644420385E-01
    2.0000000000E+05    9.5644420385E-01
    2.0000000000E+05    9.3591296673E-01
    2.7000000000E+05    9.3591296673E-01
    2.7000000000E+05    9.5406442881E-01
    3.3000000000E+05    9.5406442881E-01
    3.3000000000E+05    9.5824277401E-01
    4.0000000000E+05    9.5824277401E-01
    4.0000000000E+05    9.3705856800E-01
    4.2000000000E+05    9.3705856800E-01
    4.2000000000E+05    9.3677449226E-01
    4.4000000000E+05    9.3677449226E-01
    4.4000000000E+05    9.5695829391E-01
    4.7000000000E+05    9.5695829391E-01
    4.7000000000E+05    9.6768730879E-01
    4.9200000000E+05    9.6768730879E-01
    4.9200000000E+05    9.4665920734E-01
    5.5000000000E+05    9.4665920734E-01
    5.5000000000E+05    9.6640229225E-01
    5.7300000000E+05    9.6640229225E-01
    5.7300000000E+05    9.6629810333E-01
    6.0000000000E+05    9.6629810333E-01
    6.0000000000E+05    9.5109754801E-01
    6.7000000000E+05    9.5109754801E-01
    6.7000000000E+05    9.6672689915E-01
    6.7900000000E+05    9.6672689915E-01
    6.7900000000E+05    9.5499008894E-01
    7.5000000000E+05    9.5499008894E-01
    7.5000000000E+05    9.6523606777E-01
    8.2000000000E+05    9.6523606777E-01
    8.2000000000E+05    9.5979726315E-01
    8.6110000000E+05    9.5979726315E-01
    8.6110000000E+05    9.7183007002E-01
    8.7500000000E+05    9.7183007002E-01
    8.7500000000E+05    9.7177070379E-01
    9.0000000000E+05    9.7177070379E-01
    9.0000000000E+05    9.6058297157E-01
    9.2000000000E+05    9.6058297157E-01
    9.2000000000E+05    9.6132475138E-01
    1.0100000000E+06    9.6132475138E-01
    1.0100000000E+06    9.6612018347E-01
    1.1000000000E+06    9.6612018347E-01
    1.1000000000E+06    9.6601563692E-01
    1.2000000000E+06    9.6601563692E-01
    1.2000000000E+06    9.7541427612E-01
    1.2500000000E+06    9.7541427612E-01
    1.2500000000E+06    9.7544229031E-01
    1.3170000000E+06    9.7544229031E-01
    1.3170000000E+06    9.7527831793E-01
    1.3560000000E+06    9.7527831793E-01
    1.3560000000E+06    9.7533971071E-01
    1.4000000000E+06    9.7533971071E-01
    1.4000000000E+06    9.7542321682E-01
    1.5000000000E+06    9.7542321682E-01
    1.5000000000E+06    9.8500698805E-01
    1.8500000000E+06    9.8500698805E-01
    1.8500000000E+06    9.9421125650E-01
    2.3540000000E+06    9.9421125650E-01
    2.3540000000E+06    9.9965476990E-01
    2.4790000000E+06    9.9965476990E-01
    2.4790000000E+06    1.0140976906E+00
    3.0000000000E+06    1.0140976906E+00
    3.0000000000E+06    1.0198944807E+00
    4.3040000000E+06    1.0198944807E+00
    4.3040000000E+06    9.2681747675E-01
    4.8000000000E+06    9.2681747675E-01
    4.8000000000E+06    8.9372968674E-01
    6.4340000000E+06    8.9372968674E-01
    6.4340000000E+06    8.9645963907E-01
    8.1870000000E+06    8.9645963907E-01
    8.1870000000E+06    9.1407710314E-01
    1.0000000000E+07    9.1407710314E-01
    1.0000000000E+07    9.3273514509E-01
    1.2840000000E+07    9.3273514509E-01
    1.2840000000E+07    9.4214844704E-01
    1.3840000000E+07    9.4214844704E-01
    1.3840000000E+07    9.4105660915E-01
    1.4550000000E+07    9.4105660915E-01
    1.4550000000E+07    9.4299203157E-01
    1.5680000000E+07    9.4299203157E-01
    1.5680000000E+07    9.4156646729E-01
    1.7330000000E+07    9.4156646729E-01
    1.7330000000E+07    9.2414933443E-01
    2.0000000000E+07    9.2414933443E-01
